198,2742,16
1,2
1,3
1,4
1,5
1,6
1,7
1,8
1,9
1,10
1,11
1,12
1,13
1,14
1,15
1,16
1,17
1,18
1,19
1,20
1,21
1,22
1,23
1,24
2,4
2,6
2,7
2,11
2,12
2,13
2,14
2,15
2,19
2,20
2,21
2,23
2,24
2,66
2,119
2,120
2,121
2,122
2,123
2,124
3,4
3,5
3,6
3,7
3,8
3,9
3,10
3,13
3,14
3,16
3,17
3,18
3,20
3,21
3,23
3,24
3,66
3,124
3,129
3,142
3,143
3,144
3,145
3,146
3,147
3,155
3,156
3,181
4,6
4,7
4,8
4,9
4,11
4,12
4,13
4,14
4,15
4,16
4,17
4,18
4,19
4,20
4,21
4,23
4,24
4,100
4,111
4,120
4,127
4,132
4,136
4,146
4,147
4,149
4,158
4,159
4,160
4,161
4,162
4,163
4,164
4,165
4,166
4,167
4,170
4,171
4,172
4,182
5,6
5,10
5,17
5,22
5,66
5,150
5,152
5,156
5,158
5,159
6,7
6,10
6,11
6,12
6,13
6,14
6,15
6,17
6,19
6,20
6,21
6,22
6,23
6,24
6,150
6,152
6,158
6,159
7,9
7,10
7,11
7,12
7,13
7,14
7,15
7,18
7,19
7,20
7,21
7,23
7,24
7,26
7,27
7,28
7,48
7,53
7,54
7,66
7,73
7,74
7,75
7,79
7,80
7,82
7,83
7,84
7,85
7,86
7,88
7,89
7,91
7,92
7,94
7,95
7,96
7,97
7,99
7,100
7,101
7,102
7,103
7,104
7,105
7,106
7,107
7,108
7,109
7,110
7,115
7,116
7,117
7,118
7,119
7,120
7,121
7,122
7,123
7,124
7,126
7,127
7,129
7,132
7,136
7,137
7,138
7,139
7,145
7,146
7,147
7,149
7,150
7,151
7,152
7,158
7,159
7,160
7,161
7,162
7,163
7,164
7,165
7,166
7,167
7,170
7,171
7,172
7,181
7,182
7,183
8,9
8,16
8,17
8,18
8,21
8,23
8,24
8,28
8,79
8,80
8,90
8,91
8,93
8,97
8,99
8,109
8,110
9,11
9,13
9,14
9,16
9,17
9,18
9,21
9,23
9,24
9,66
9,108
9,124
9,129
9,133
9,136
9,143
9,145
9,155
9,156
9,181
9,184
10,12
10,13
10,14
10,15
10,17
10,18
10,19
10,20
10,28
10,53
10,66
10,73
10,74
10,75
10,79
10,82
10,84
10,85
10,87
10,92
10,108
10,110
10,111
10,113
10,118
10,124
10,142
10,143
10,144
10,146
10,150
10,152
10,154
10,155
10,156
10,158
10,159
11,12
11,13
11,14
11,15
11,18
11,19
11,20
11,21
11,23
11,24
11,66
11,79
11,88
11,89
11,94
11,95
11,96
11,100
11,101
11,102
11,105
11,106
11,108
11,115
11,116
11,117
11,119
11,120
11,123
11,124
11,129
11,132
11,136
11,145
12,13
12,14
12,15
12,18
12,19
12,20
12,21
12,23
12,24
12,66
12,73
12,75
12,92
12,100
12,110
12,111
12,113
12,120
12,124
12,127
12,132
12,136
12,146
12,147
12,149
12,154
12,155
12,156
12,158
12,159
12,160
12,161
12,162
12,163
12,164
12,165
12,166
12,167
12,182
13,14
13,15
13,18
13,19
13,20
13,21
13,23
13,24
13,55
13,66
13,73
13,75
13,88
13,89
13,92
13,100
13,110
13,111
13,113
13,120
13,121
13,122
13,124
13,127
13,132
13,136
13,146
13,147
13,149
13,151
13,154
13,155
13,156
13,158
13,159
13,160
13,161
13,162
13,163
13,164
13,165
13,166
13,167
13,170
13,171
13,172
13,178
13,179
13,182
13,185
14,15
14,18
14,19
14,20
14,21
14,23
14,24
14,66
14,73
14,75
14,92
14,100
14,110
14,111
14,113
14,120
14,124
14,127
14,132
14,136
14,146
14,147
14,149
14,154
14,155
14,156
14,158
14,159
14,160
14,161
14,162
14,163
14,164
14,165
14,166
14,167
14,178
14,182
15,18
15,19
15,20
15,21
15,23
15,24
15,66
15,73
15,75
15,92
15,100
15,110
15,111
15,113
15,120
15,124
15,127
15,132
15,136
15,146
15,147
15,149
15,154
15,155
15,156
15,158
15,159
15,160
15,161
15,162
15,163
15,164
15,165
15,166
15,167
15,170
15,171
15,172
15,182
16,17
16,18
16,21
16,23
16,24
16,28
16,79
16,80
16,87
16,90
16,91
16,92
16,93
16,97
16,99
16,109
16,110
16,113
17,18
17,21
17,22
17,23
17,24
17,142
17,143
17,144
17,145
17,146
17,147
18,19
18,20
18,21
18,23
18,24
18,66
18,73
18,75
18,79
18,88
18,89
18,92
18,94
18,95
18,96
18,100
18,101
18,106
18,110
18,111
18,113
18,115
18,116
18,117
18,120
18,124
18,127
18,132
18,136
18,146
18,147
18,149
18,154
18,155
18,156
18,158
18,159
18,160
18,161
18,162
18,163
18,164
18,165
18,166
18,167
18,182
19,20
19,21
19,23
19,24
19,53
19,66
19,73
19,74
19,75
19,85
19,92
19,99
19,100
19,108
19,110
19,111
19,113
19,120
19,124
19,127
19,132
19,134
19,136
19,138
19,146
19,147
19,149
19,150
19,151
19,152
19,154
19,155
19,156
19,158
19,159
19,160
19,161
19,162
19,163
19,164
19,165
19,166
19,167
19,182
20,21
20,23
20,24
20,53
20,66
20,73
20,74
20,75
20,79
20,85
20,88
20,89
20,92
20,94
20,95
20,96
20,99
20,100
20,101
20,105
20,106
20,108
20,110
20,111
20,113
20,115
20,116
20,117
20,119
20,120
20,121
20,122
20,123
20,124
20,127
20,132
20,136
20,138
20,146
20,147
20,149
20,150
20,151
20,152
20,154
20,155
20,156
20,158
20,159
20,160
20,161
20,162
20,163
20,164
20,165
20,166
20,167
20,170
20,171
20,172
20,182
21,23
21,24
21,100
21,111
21,120
21,127
21,132
21,136
21,146
21,147
21,149
21,158
21,159
21,160
21,161
21,162
21,163
21,164
21,165
21,166
21,167
21,170
21,171
21,172
21,182
22,87
22,92
22,118
22,132
22,169
22,180
23,24
23,27
23,31
23,66
23,73
23,79
23,88
23,89
23,90
23,92
23,94
23,95
23,96
23,100
23,101
23,106
23,108
23,111
23,115
23,116
23,117
23,118
23,120
23,121
23,122
23,123
23,125
23,126
23,127
23,129
23,130
23,131
23,132
23,133
23,136
23,145
23,146
23,147
23,149
23,150
23,158
23,159
23,160
23,161
23,162
23,163
23,164
23,165
23,166
23,167
23,170
23,171
23,172
23,181
23,182
24,66
24,79
24,88
24,89
24,94
24,95
24,96
24,100
24,101
24,102
24,105
24,106
24,108
24,115
24,116
24,117
24,119
24,120
24,123
24,124
24,132
24,162
24,170
24,171
24,172
25,26
25,27
25,28
26,27
26,28
26,61
26,73
26,79
26,80
26,86
26,88
26,89
26,93
26,97
26,99
26,102
26,104
26,105
26,107
26,108
26,109
26,110
26,114
26,116
26,118
26,186
27,28
27,35
27,48
27,53
27,54
27,61
27,69
27,73
27,74
27,75
27,82
27,83
27,84
27,85
27,86
27,87
27,88
27,89
27,92
27,93
27,94
27,95
27,96
27,101
27,103
27,104
27,106
27,108
27,109
27,110
27,111
27,112
27,113
27,115
27,116
27,117
27,118
27,124
27,137
27,138
27,139
27,186
28,53
28,61
28,66
28,69
28,73
28,74
28,79
28,82
28,83
28,84
28,85
28,87
28,88
28,89
28,90
28,91
28,92
28,93
28,97
28,102
28,104
28,107
28,108
28,109
28,110
28,111
28,113
28,114
28,116
28,118
28,123
28,186
29,30
29,31
29,32
29,33
30,31
30,32
30,33
30,77
30,78
30,187
31,32
31,33
31,34
31,35
31,36
31,37
31,42
31,49
31,50
31,51
31,52
31,57
31,59
31,60
31,61
31,63
31,64
31,65
31,67
31,68
31,69
31,71
31,90
31,96
31,100
31,121
31,122
31,125
31,130
31,131
31,133
31,140
31,141
31,173
31,176
31,187
31,188
31,189
32,33
32,34
32,35
32,36
32,37
32,38
32,39
32,40
32,41
32,42
32,43
32,44
32,45
32,46
32,47
32,49
32,50
32,51
32,52
32,55
32,56
32,58
32,59
32,60
32,61
32,62
32,64
32,65
32,66
32,67
32,69
32,70
32,71
32,72
32,89
32,138
32,151
32,153
32,174
32,188
32,190
32,191
33,34
33,35
33,36
33,37
33,38
33,40
33,41
33,42
33,43
33,44
33,45
33,46
33,47
33,49
33,50
33,51
33,52
33,55
33,56
33,57
33,58
33,59
33,60
33,61
33,62
33,64
33,65
33,66
33,67
33,68
33,69
33,71
33,72
33,138
33,151
33,153
34,35
34,36
34,37
34,38
34,39
34,40
34,41
34,42
34,43
34,44
34,45
34,46
34,47
35,36
35,37
35,38
35,39
35,40
35,41
35,42
35,43
35,44
35,45
35,46
35,47
35,48
35,49
35,50
35,51
35,52
35,53
35,54
35,55
35,56
35,57
35,58
35,59
35,60
35,61
35,62
35,63
35,64
35,65
35,66
35,67
35,68
35,69
35,70
35,71
35,72
35,73
35,74
35,75
35,192
36,37
36,39
36,40
36,42
36,43
36,44
36,45
36,46
36,47
36,50
36,55
36,59
36,65
36,67
36,69
36,70
36,72
36,140
36,141
36,187
37,38
37,39
37,40
37,41
37,42
37,43
37,44
37,45
37,46
37,47
37,50
37,51
37,55
37,59
37,60
37,61
37,63
37,65
37,67
37,69
37,70
37,72
37,113
37,153
37,188
38,39
38,40
38,41
38,42
38,44
38,45
38,50
38,51
38,55
38,59
38,60
38,61
38,62
38,63
38,65
38,66
38,67
38,69
38,72
38,138
38,151
38,153
38,177
38,193
39,40
39,42
39,43
39,44
39,47
39,50
39,55
39,59
39,65
39,67
39,69
39,70
39,72
40,41
40,42
40,43
40,44
40,45
40,46
40,47
40,50
40,59
40,65
40,67
41,42
41,44
41,45
41,50
41,51
41,59
41,60
41,61
41,62
41,63
41,65
41,66
41,69
41,70
41,113
41,191
42,43
42,44
42,45
42,46
42,47
42,49
42,50
42,51
42,52
42,55
42,56
42,57
42,58
42,59
42,60
42,61
42,62
42,64
42,65
42,66
42,67
42,68
42,69
42,72
42,124
42,138
42,151
42,153
43,44
43,45
43,46
43,47
43,50
43,55
43,59
43,65
43,67
43,69
43,70
43,72
43,174
44,45
44,46
44,47
44,51
44,59
44,60
44,61
44,62
44,65
44,67
44,69
45,46
45,47
45,50
45,59
45,60
45,61
45,65
45,67
45,69
45,71
45,72
45,153
46,47
46,50
46,51
46,59
46,60
46,61
46,63
46,65
46,67
46,69
46,116
46,153
46,188
47,50
47,55
47,59
47,65
47,67
47,69
47,70
47,72
47,81
47,125
47,126
47,127
47,128
47,129
47,132
47,134
47,135
47,136
48,53
48,54
48,66
48,73
48,74
48,75
48,79
48,83
48,84
48,85
48,86
48,89
48,103
48,104
48,114
48,116
48,118
48,137
48,138
48,139
48,181
49,51
49,52
49,57
49,61
49,64
49,65
49,68
49,69
50,51
50,55
50,59
50,60
50,61
50,63
50,65
50,67
50,69
50,70
50,72
50,153
50,188
51,52
51,55
51,57
51,59
51,60
51,61
51,62
51,63
51,64
51,65
51,66
51,67
51,68
51,69
51,72
51,138
51,151
51,153
51,188
52,56
52,57
52,58
52,61
52,64
52,65
52,66
52,68
52,69
52,124
52,176
52,189
53,54
53,69
53,73
53,74
53,75
53,79
53,80
53,81
53,82
53,83
53,84
53,85
53,86
53,87
53,90
53,92
53,96
53,97
53,98
53,99
53,103
53,108
53,109
53,110
53,111
53,113
53,118
53,137
53,138
53,139
53,150
53,151
53,152
53,183
54,66
54,73
54,74
54,75
54,79
54,80
54,81
54,83
54,84
54,85
54,86
54,89
54,90
54,92
54,96
54,97
54,98
54,99
54,103
54,104
54,108
54,109
54,110
54,114
54,116
54,118
54,119
54,122
54,123
54,137
54,138
54,139
55,59
55,60
55,61
55,65
55,66
55,67
55,69
55,70
55,72
55,88
55,89
55,120
55,124
55,137
55,138
55,151
55,153
55,185
56,57
56,58
56,59
56,61
56,64
56,65
56,66
56,68
56,69
56,71
56,124
56,188
57,58
57,61
57,64
57,65
57,66
57,68
57,69
57,124
58,59
58,61
58,64
58,65
58,66
58,68
58,69
58,71
58,83
58,121
58,123
58,124
58,185
59,60
59,61
59,62
59,63
59,65
59,66
59,67
59,69
59,70
59,71
59,72
59,88
59,89
59,138
59,151
59,153
59,177
59,188
59,193
60,61
60,62
60,63
60,65
60,66
60,67
60,69
60,72
60,83
60,88
60,92
60,101
60,138
60,151
60,153
60,173
60,174
60,188
61,62
61,63
61,64
61,65
61,66
61,67
61,68
61,69
61,71
61,72
61,73
61,88
61,89
61,93
61,101
61,104
61,108
61,109
61,110
61,116
61,123
61,138
61,151
61,153
61,177
61,186
61,188
61,193
62,63
62,65
62,66
62,69
62,151
62,177
62,193
63,65
63,67
63,153
63,188
64,65
64,66
64,68
64,69
64,124
65,66
65,67
65,68
65,69
65,70
65,72
65,116
65,138
65,151
65,153
66,67
66,68
66,69
66,71
66,72
66,73
66,74
66,75
66,79
66,83
66,87
66,88
66,89
66,92
66,94
66,95
66,99
66,100
66,101
66,102
66,103
66,104
66,105
66,106
66,107
66,108
66,109
66,110
66,111
66,112
66,113
66,114
66,115
66,116
66,117
66,119
66,120
66,121
66,122
66,123
66,124
66,133
66,135
66,138
66,146
66,148
66,151
66,152
66,153
66,154
66,155
66,156
66,166
66,167
66,177
66,178
66,179
66,180
66,181
66,184
66,185
66,193
66,194
67,69
67,70
67,72
67,138
67,151
67,153
67,188
68,69
68,124
68,188
69,70
69,71
69,72
69,73
69,83
69,87
69,92
69,113
69,118
69,119
69,123
69,124
69,138
69,140
69,151
69,153
69,176
69,189
69,195
70,72
70,113
70,173
70,174
70,175
70,190
71,141
72,138
72,151
72,153
73,74
73,75
73,79
73,82
73,83
73,84
73,85
73,86
73,87
73,88
73,89
73,92
73,93
73,96
73,103
73,104
73,108
73,109
73,110
73,111
73,113
73,116
73,118
73,121
73,124
73,137
73,138
73,139
73,146
73,152
73,154
73,155
73,156
73,180
73,186
73,194
74,75
74,79
74,80
74,81
74,82
74,83
74,84
74,85
74,86
74,87
74,90
74,92
74,96
74,97
74,98
74,99
74,103
74,108
74,109
74,110
74,111
74,113
74,118
74,119
74,122
74,123
74,137
74,138
74,139
74,150
74,151
74,152
74,183
75,79
75,82
75,84
75,85
75,86
75,92
75,103
75,110
75,111
75,113
75,118
75,124
75,137
75,138
75,139
75,146
75,154
75,155
75,156
76,77
76,78
77,78
78,175
79,80
79,81
79,82
79,83
79,84
79,85
79,86
79,87
79,88
79,89
79,90
79,91
79,92
79,93
79,94
79,95
79,96
79,97
79,98
79,99
79,100
79,101
79,102
79,103
79,104
79,105
79,106
79,107
79,108
79,109
79,110
79,111
79,112
79,113
79,114
79,115
79,116
79,117
79,118
80,81
80,83
80,86
80,88
80,89
80,90
80,93
80,97
80,98
80,99
80,102
80,104
80,105
80,107
80,108
80,109
80,110
80,116
80,118
81,83
81,90
81,97
81,98
81,99
81,108
81,109
81,110
81,125
81,126
81,127
81,128
81,129
81,132
81,134
81,135
81,136
82,83
82,84
82,85
82,87
82,89
82,91
82,92
82,93
82,103
82,108
82,109
82,110
82,111
82,113
82,116
82,118
82,124
83,87
83,88
83,89
83,90
83,92
83,97
83,98
83,99
83,101
83,102
83,104
83,108
83,109
83,110
83,113
83,114
83,116
83,118
83,121
83,122
83,123
83,124
83,135
83,137
83,183
83,185
84,85
84,86
84,87
84,92
84,103
84,108
84,110
84,111
84,113
84,118
84,137
84,138
84,139
85,86
85,87
85,92
85,96
85,99
85,103
85,108
85,110
85,111
85,113
85,118
85,137
85,138
85,139
85,150
85,151
85,152
86,88
86,89
86,96
86,97
86,99
86,102
86,103
86,104
86,105
86,107
86,108
86,112
86,116
86,118
86,127
86,137
86,138
86,139
86,158
86,159
87,89
87,92
87,93
87,102
87,108
87,110
87,111
87,113
87,116
87,118
87,124
87,132
87,169
87,180
88,89
88,93
88,94
88,95
88,96
88,97
88,99
88,100
88,101
88,102
88,104
88,105
88,106
88,107
88,108
88,109
88,110
88,112
88,115
88,116
88,117
88,118
88,120
88,121
88,122
88,123
88,124
88,151
88,152
88,182
88,185
88,186
88,194
89,92
89,93
89,94
89,95
89,96
89,97
89,99
89,100
89,101
89,102
89,104
89,105
89,106
89,107
89,108
89,109
89,110
89,111
89,112
89,113
89,114
89,115
89,116
89,117
89,118
89,120
89,121
89,122
89,123
89,124
89,151
89,152
89,181
89,185
89,186
89,194
89,196
90,91
90,92
90,96
90,97
90,98
90,99
90,100
90,108
90,109
90,110
90,118
90,121
90,122
90,125
90,130
90,131
90,133
90,137
91,109
91,110
92,93
92,96
92,99
92,102
92,105
92,108
92,110
92,111
92,113
92,114
92,116
92,118
92,119
92,121
92,122
92,123
92,124
92,132
92,133
92,137
92,146
92,154
92,155
92,156
92,169
92,180
92,182
92,183
92,196
93,97
93,99
93,104
93,108
93,109
93,110
93,116
93,118
93,181
93,186
94,95
94,96
94,99
94,100
94,101
94,102
94,104
94,106
94,112
94,115
94,116
94,117
94,121
94,122
94,152
94,194
95,96
95,99
95,100
95,101
95,104
95,106
95,112
95,115
95,116
95,117
95,121
95,122
95,152
95,194
96,100
96,101
96,106
96,111
96,115
96,116
96,117
96,118
96,121
96,122
96,125
96,126
96,127
96,130
96,131
96,133
96,139
96,150
96,158
96,159
97,98
97,99
97,102
97,104
97,105
97,107
97,108
97,109
97,110
97,116
97,118
98,99
98,108
98,109
98,110
99,101
99,102
99,104
99,105
99,106
99,107
99,108
99,109
99,110
99,115
99,116
99,117
99,118
99,123
99,137
99,138
99,150
99,151
99,152
100,101
100,106
100,115
100,116
100,117
100,120
100,121
100,122
100,125
100,127
100,130
100,131
100,132
100,133
100,136
100,146
100,147
100,149
100,155
100,158
100,159
100,160
100,161
100,162
100,163
100,164
100,165
100,166
100,167
100,178
100,179
100,182
100,185
101,104
101,106
101,107
101,112
101,115
101,116
101,117
101,121
101,122
101,123
101,152
101,194
102,104
102,105
102,107
102,108
102,110
102,113
102,114
102,116
102,118
102,119
102,123
102,124
103,111
103,118
103,121
103,137
103,138
103,139
103,152
103,180
103,194
104,105
104,106
104,107
104,108
104,109
104,110
104,112
104,114
104,115
104,116
104,117
104,118
104,186
105,107
105,108
105,116
105,118
105,119
105,123
105,124
106,107
106,112
106,115
106,116
106,117
106,121
106,122
106,152
106,194
107,108
107,112
107,114
107,115
107,116
107,117
107,118
108,109
108,110
108,111
108,113
108,116
108,118
108,119
108,122
108,123
108,124
108,133
108,138
108,150
108,151
108,152
108,155
108,178
108,180
108,181
108,184
108,186
109,110
109,116
109,123
109,186
110,111
110,113
110,116
110,118
110,123
110,124
110,146
110,154
110,155
110,156
110,186
111,113
111,116
111,118
111,120
111,121
111,124
111,137
111,139
111,146
111,152
111,154
111,155
111,156
111,165
111,166
111,167
111,180
111,182
111,194
112,115
112,116
112,117
112,121
112,122
112,152
112,182
112,194
113,116
113,118
113,124
113,146
113,154
113,155
113,156
114,116
114,123
114,197
115,116
115,117
115,121
115,122
115,152
115,194
116,117
116,118
116,121
116,122
116,124
116,152
116,186
116,194
116,196
117,121
117,122
117,123
117,152
117,194
118,132
118,137
118,138
118,139
118,169
118,180
119,121
119,122
119,123
119,124
120,124
120,127
120,132
120,134
120,136
120,146
120,147
120,149
120,150
120,151
120,156
120,158
120,159
120,160
120,161
120,162
120,163
120,164
120,165
120,166
120,167
120,182
120,185
121,122
121,123
121,124
121,125
121,130
121,131
121,133
121,152
121,155
121,178
121,179
121,180
121,185
121,194
122,123
122,124
122,125
122,130
122,131
122,133
122,152
122,155
122,178
122,179
122,185
122,194
123,124
123,185
124,146
124,151
124,154
124,155
124,156
124,178
124,185
125,126
125,127
125,128
125,129
125,130
125,131
125,132
125,133
125,134
125,135
125,136
126,127
126,128
126,129
126,132
126,134
126,135
126,136
127,128
127,129
127,132
127,134
127,135
127,136
127,139
127,145
127,146
127,147
127,149
127,158
127,159
127,160
127,161
127,162
127,163
127,164
127,165
127,166
127,167
127,182
128,129
128,130
128,132
128,134
128,135
128,136
128,145
128,146
128,160
128,161
128,162
128,164
128,168
128,169
129,132
129,134
129,135
129,136
129,145
129,176
129,181
129,189
130,131
130,132
130,133
130,136
130,145
130,160
130,161
130,168
130,169
130,176
130,189
131,133
131,136
131,140
131,152
132,134
132,135
132,136
132,145
132,146
132,147
132,149
132,158
132,159
132,160
132,161
132,162
132,163
132,164
132,165
132,166
132,167
132,168
132,169
132,170
132,171
132,172
132,180
132,182
133,181
133,184
134,135
134,136
134,145
134,150
134,162
134,165
134,166
134,167
135,136
135,147
135,155
135,159
135,163
135,172
135,178
135,184
136,145
136,146
136,147
136,149
136,150
136,152
136,158
136,159
136,160
136,161
136,162
136,163
136,164
136,165
136,166
136,167
136,168
136,169
136,182
137,138
137,139
138,139
138,150
138,151
138,152
138,153
139,158
139,159
140,141
140,187
141,187
142,143
142,144
142,145
142,146
142,147
143,144
143,145
143,146
143,147
144,145
144,146
144,147
145,146
145,147
145,160
145,161
145,162
145,164
145,168
145,169
146,147
146,149
146,154
146,155
146,156
146,158
146,159
146,160
146,161
146,162
146,163
146,164
146,165
146,166
146,167
146,182
147,149
147,158
147,159
147,160
147,161
147,162
147,163
147,164
147,165
147,166
147,167
147,172
147,182
147,184
148,149
149,158
149,159
149,160
149,161
149,162
149,163
149,164
149,165
149,166
149,167
149,182
150,151
150,152
150,158
150,159
150,162
150,165
150,166
150,167
150,170
150,171
151,152
151,153
151,177
151,183
151,185
151,193
152,156
152,158
152,159
152,170
152,171
152,180
152,194
153,188
154,155
154,156
155,156
155,178
155,179
155,185
156,167
157,196
158,159
158,160
158,161
158,162
158,163
158,164
158,165
158,166
158,167
158,172
158,182
158,184
159,160
159,161
159,162
159,163
159,164
159,165
159,166
159,167
159,172
159,182
159,184
160,161
160,162
160,163
160,164
160,165
160,166
160,167
160,168
160,169
160,182
161,162
161,163
161,164
161,165
161,166
161,167
161,168
161,169
161,182
162,163
162,164
162,165
162,166
162,167
162,170
162,171
162,172
162,182
163,164
163,165
163,166
163,167
163,172
163,182
163,184
164,165
164,166
164,167
164,182
165,166
165,167
165,182
166,167
166,182
167,182
168,169
168,198
169,180
170,171
170,172
171,172
172,184
173,174
173,175
174,175
175,190
176,189
177,193
178,179
178,185
179,185
180,194
