62,159,2
1,11
1,18
1,27
1,35
1,48
1,51
2,4
2,8
2,22
2,31
2,46
2,52
2,53
3,19
3,32
3,37
3,54
3,55
4,8
4,22
4,31
4,43
4,46
4,52
4,53
5,7
5,14
5,23
5,24
5,27
5,28
5,30
5,33
5,39
5,41
5,51
5,54
6,9
6,14
6,30
6,35
6,44
6,48
6,54
7,11
7,23
7,27
7,28
7,39
8,13
8,15
8,17
8,21
8,46
8,53
8,56
9,11
9,12
9,14
9,19
9,35
9,40
10,20
10,43
10,56
10,57
11,18
11,26
11,28
11,34
11,37
11,39
12,19
12,23
12,27
12,35
12,40
14,19
14,35
14,40
15,16
15,17
16,17
16,56
17,56
17,57
18,20
18,37
18,56
19,25
19,33
19,35
19,40
19,41
20,32
20,37
20,57
22,49
23,24
23,27
23,28
23,30
23,33
23,39
23,58
24,27
24,34
24,38
26,27
26,29
26,30
26,48
26,56
26,59
27,30
27,33
27,35
27,50
28,33
28,34
28,41
28,47
29,46
30,41
30,54
30,57
31,43
31,46
31,56
32,37
32,39
32,54
32,55
33,36
33,42
34,55
35,39
35,40
35,48
35,59
36,38
37,54
39,40
40,44
40,59
40,60
40,61
42,50
43,46
43,53
43,56
43,57
45,52
45,53
46,52
46,53
46,62
48,51
50,55
